202,2014,1,3.481,4.611,2.122,3.56,93.7,1.86,1.967,2.079,32.85,38.29,100.6,326,0.681,0,5.444,4.747,4.607,206.2,13.91,125,9.6885,0
202,2014,2,3.052,4.81,2.261,3.251,97,1.803,1.89,2.006,52.75,60.16,101.1,330,1.075,0.557,5.511,3.197,2.908,184.7,24.38,46.77,9.6885,0
202,2014,3,4.267,8.44,3.641,4.416,102.2,1.848,1.924,1.993,12.21,6.83,21,157,0.121,-0.557,2.622,3.861,3.755,165,13.43,70.6,9.6885,0.402
202,2014,4,4.226,5.215,2.693,4.292,110,1.883,1.957,2.02,11.26,7.2,23.07,190,0.144,0.557,3.173,4.997,4.872,162.7,12.8,146.7,9.6933,3.015
202,2014,5,4.841,5.685,3.913,4.994,116.5,1.961,2.038,2.09,11.42,6.654,21.88,176,0.125,-0.557,2.939,4.472,3.477,196,38.2,111.6,9.7028,2.01
202,2014,6,2.819,5.57,0.838,3.084,125.2,1.958,2.037,2.132,22.43,11.27,36.67,303,0.42,0,5.06,2.44,1.704,159.9,44.48,22.33,9.7082,0.201
202,2014,7,4.005,5.367,3.006,4.204,117.5,2.017,2.089,2.157,23.82,10.37,120.4,238,0.394,0.557,3.975,3.283,2.595,162.1,37.08,56.6,9.7104,2.01
202,2014,8,5.713,7.57,4.716,6.005,120.7,2.075,2.163,2.196,11.4,5.788,18.93,287,0.209,0,4.793,3.218,2.877,212.6,26.34,49.89,9.7143,0
202,2014,9,5.952,6.819,5.341,6.185,107.8,2.14,2.225,2.277,31.73,14.49,94,323,0.639,0,5.394,4.312,4.06,235.2,19.59,99.7,9.7181,2.01
202,2014,10,5.033,6.141,3.809,5.3,107,2.182,2.258,2.325,15.21,8.05,30.16,269,0.273,1.672,4.492,3.371,1.516,244.4,60.08,63.71,9.7222,4.02
202,2014,11,0.927,13.01,-10.46,0.802,107,2.142,2.215,2.323,27.98,16.66,52.64,329,0.569,-0.558,5.494,6.713,5.748,0.385,30.71,361.8,9.8133,13.87
202,2014,12,-2.479,-0.172,-3.655,-2.342,98.3,1.906,1.984,2.107,40.09,48.26,90.5,321,0.8,-0.558,5.361,4.036,3.567,330.2,27.6,77.8,9.7669,0
202,2014,13,-4.982,-2.522,-7.06,-4.934,95.5,1.49,1.584,1.755,29.69,41.62,121.9,339,0.635,-0.558,5.661,6.22,5.935,321.5,17.34,269.6,9.7646,0
202,2014,14,-4.932,-2.452,-6.998,-4.812,92.5,0.949,1.039,1.39,63.03,75.9,202.3,349,1.357,-0.558,5.828,4.173,3.71,335.1,26.97,106.5,9.7647,0
202,2014,15,-5.172,-3.753,-6.859,-5.001,91,0.786,1.079,1.417,40.89,49.99,71.9,350,0.881,0,5.845,1.38,1.119,52.99,34.8,6.004,9.7647,0
202,2014,16,-5.358,-3.882,-6.899,-5.248,91.2,0.778,1.03,1.423,56.77,70.7,227.2,362,1.29,0,6.045,2.48,2.352,50.89,18.38,18.52,9.7647,0
202,2014,17,-7.04,-2.79,-14.33,-6.824,93,0.723,1.016,1.424,47.78,46.9,127.2,350,1.037,-1.115,5.845,1.918,1.719,70.7,25.4,13.07,9.7647,0
202,2014,18,-7.61,-3.932,-15.47,-7.31,95.3,0.66,0.963,1.42,57.29,46.73,145.5,370,1.287,-0.558,6.179,2.865,2.604,65.41,23.82,44.13,9.7661,0
202,2014,19,-4.192,-2.871,-6.408,-3.99,98.4,0.512,0.911,1.495,27.91,12.22,110.6,302,0.51,0,5.043,2.594,2.497,84.2,15.66,23.66,9.772,0
202,2014,20,-3.721,-2.632,-4.266,-3.608,86.7,0.467,0.974,1.56,41.17,11.12,74.5,348,0.889,-0.558,5.812,2.927,2.739,113,20.52,34.33,9.7756,0
202,2014,21,-2.838,-2.338,-3.448,-2.801,76.6,0.442,0.902,1.543,35.08,10.12,62.11,382,0.829,-1.115,6.379,3.96,3.768,131.3,17.84,78.8,9.7768,0
202,2014,22,-3.658,-2.931,-4.78,-3.592,80.1,0.444,0.874,1.588,41.45,15.38,69.8,382,0.967,0,6.379,2.872,2.637,78.8,23.17,30.05,9.7771,0
202,2014,23,-5.856,-4.521,-7.34,-5.727,87.9,0.45,0.844,1.665,57.48,29.34,190.2,390,1.384,-1.115,6.513,2.346,2.141,43.56,23.75,18.55,9.7774,0
202,2014,24,-6.345,-4.096,-9.46,-6.134,84.1,0.418,0.853,1.75,47.1,26.53,97,388,1.135,-0.558,6.48,1.545,1.063,93.8,44.66,6.307,9.7778,0
202,2014,25,-5.055,-4.087,-6.944,-4.885,78.9,0.398,0.867,1.81,45.01,37.44,81,411,1.137,-1.115,6.864,1.702,1.308,128,38.75,8.12,9.7778,0
202,2014,26,-4.057,-3.115,-5.355,-3.965,79.2,0.388,0.824,1.772,53.77,63.43,95.2,417,1.371,-1.115,6.964,3.019,2.85,194.7,19.18,41.14,9.7781,0
202,2014,27,-2.804,-0.87,-3.698,-2.754,77.5,0.436,0.849,1.803,79.2,88.6,230.4,416,2.029,-1.115,6.947,3.931,3.485,153.9,27.28,83.7,9.7782,0
202,2014,28,-1.816,-0.13,-3.308,-1.914,81,0.475,0.854,1.862,75.5,101,167.4,423,1.962,0,7.06,6.443,6.252,118.7,13.97,296.6,9.7781,0.402
202,2014,29,-1.35,0.063,-3.665,-1.406,85.6,0.462,0.895,1.945,54.41,72.4,98.2,428,1.423,-0.558,7.15,5.711,5.504,122.1,15.43,207.5,9.7781,0
202,2014,30,-3.961,-3.27,-4.753,-3.882,83,0.493,0.912,1.966,58.77,78.7,140.8,421,1.528,0,7.03,5.351,5.187,119.3,14.16,170.4,9.7782,0
202,2014,31,-3.029,-2.402,-3.694,-2.91,88.3,0.499,0.953,1.98,21.92,33.4,43.19,417,0.555,-0.558,6.964,5.447,5.19,139.9,17.57,181.3,9.7781,0
202,2014,32,-3.862,-2.407,-4.41,-3.649,96.3,0.497,0.941,2.057,27.31,36.14,50.87,360,0.621,-2.23,6.012,3.641,3.387,143.5,21.42,73,9.7781,0
202,2014,33,0.266,1.26,-2.513,0.162,111.2,0.476,0.924,2.027,27.3,22.05,44.96,391,0.661,2.788,6.53,3.665,3.55,158.6,14.32,72.9,9.7782,1.206
202,2014,34,1.521,19.59,-9.84,1.727,115.7,0.488,0.922,2.081,34.9,20.15,89.3,436,0.933,5.017,7.28,3.092,2.924,173.5,18.92,43.05,9.7836,10.25
202,2014,35,1.719,2.898,1.383,2.13,128.5,0.525,0.96,2.136,42.16,22.13,100.8,432,1.16,0.557,7.21,3.078,2.816,225.9,23.64,38.49,9.7923,1.005
202,2014,36,0.851,2.639,-0.837,1.122,116.3,0.571,0.989,2.174,21.23,15.33,44.66,425,0.56,0,7.1,3.036,2.733,151.6,25.59,40.22,9.7949,0.201
202,2014,37,0.881,2.117,0.559,1.261,94.5,0.595,0.954,2.161,37.37,42.5,73.3,399,0.923,0,6.663,1.84,1.667,155.8,24.84,9.83,9.7899,0
202,2014,38,0.842,2.275,0.574,1.248,98.3,0.619,0.97,2.237,24.11,28.27,47.91,414,0.619,-0.557,6.914,1.655,0.951,143.8,52.73,6.572,9.7861,0
202,2014,39,2.013,9.76,-0.674,2.238,105.8,0.65,0.978,2.24,46.35,35.05,109.1,461,1.301,2.787,7.7,3.724,3.575,157.9,16.23,116.1,9.7963,4.422
202,2014,40,2.943,4.335,1.352,3.198,108.4,0.715,0.987,2.258,32.94,23.63,92.3,458,0.939,-0.557,7.65,4.457,3.724,207.4,32.84,113.3,9.8128,0.402